url_path,views_total,views_unique
/inseq-team/inseq,289,122
/inseq-team/inseq/blob/main/examples/inseq_tutorial.ipynb,157,36
/inseq-team/inseq/issues,70,15
/inseq-team/inseq/tree/main/examples,57,19
/inseq-team/inseq/tree/main/inseq,50,12
/inseq-team/inseq/tree/main/inseq/models,29,10
/inseq-team/inseq/tree/main,23,6
/inseq-team/inseq/blob/main/inseq/models/attribution_model.py,20,9
/inseq-team/inseq/tree/main/docs,20,7
/inseq-team/inseq/issues/276,20,5
