url_path,views_total,views_unique
/inseq-team/inseq,36,23
/inseq-team/inseq/tree/main,10,3
/inseq-team/inseq/issues,8,4
/inseq-team/inseq/blob/main/examples/inseq_tutorial.ipynb,6,3
/inseq-team/inseq/tree/main/inseq,6,2
/inseq-team/inseq/blob/main/inseq/data/aggregation_functions.py,5,1
/inseq-team/inseq/blob/main/inseq/data/viz.py,5,1
/inseq-team/inseq/blob/1792d1ec6d28f4fe457e61f106dc7b4f49c211cf/inseq/data/attribution.py,2,1
/inseq-team/inseq/issues/298,2,1
/inseq-team/inseq/tree/main/inseq/attr,2,1
